{
  "summary": {
    "version": "v7",
    "dataset": "addition_50",
    "eval_mode": "tf",
    "algo": "ane_tta",
    "model": "Llama-3.2-3B-Instruct",
    "steps": 5,
    "lr": 0.005,
    "optimizer": "sgd",
    "momentum": 0.0,
    "update_target": "mlp+ln",
    "num_layers": "all",
    "layer_stride": 1,
    "tta_reset": "token",
    "token_total": 81,
    "token_acc_before": 0.3950617283950617,
    "token_acc_after": 0.5061728395061729,
    "pass@k_acc_before": {
      "5": 0.6172839506172839
    },
    "pass@k_acc_after": {
      "5": 0.654320987654321
    },
    "target_rank_avg_before": 59.25925925925926,
    "target_rank_avg_after": 52.02469135802469,
    "target_prob_avg_before": 0.31740708651024624,
    "target_prob_avg_after": 0.4955365125255989,
    "seq_total": 20,
    "em_before": 0.4,
    "em_after": 0.4,
    "digit_acc_before": 0.6867873756360598,
    "digit_acc_after": 0.7252110389610391,
    "runtime_seconds": 99.44345498085022,
    "tokens_per_second": 0.8145332441999137,
    "token_budget": {
      "baseline_forwards_est": 81,
      "tta_forwards_est": 486
    },
    "flipped_count": 9,
    "trainable": {
      "trainable_params": 2114101248,
      "trainable_pct": 65.80348187111129,
      "layer_count": 28,
      "total_layers": 28
    }
  },
  "results": [
    {
      "id": "addition-50-0",
      "question": "What is the sum of 9 and 8?",
      "answer": "17",
      "eval_mode": "tf",
      "gold_token_ids": [
        1114
      ],
      "gold_tokens": [
        "17"
      ],
      "numeric_positions": [
        0
      ],
      "pred_before_answer": "17",
      "pred_after_answer": "17",
      "em_before": true,
      "em_after": true,
      "digit_acc_before": 1.0,
      "digit_acc_after": 1.0,
      "tokens": [
        {
          "position": 0,
          "answer_len": 1,
          "target_id": 1114,
          "target_token": "17",
          "pred_before_id": 1114,
          "pred_before": "17",
          "pred_after_id": 1114,
          "pred_after": "17",
          "correct_before": true,
          "correct_after": true,
          "rank_before": 1,
          "rank_after": 1,
          "prob_before": 0.9999790787696838,
          "prob_after": 0.9999828338623047,
          "metrics": {
            "ane": [
              0.014167615212500095,
              0.01416493859142065,
              0.01416547317057848,
              0.01416668388992548,
              0.014163264073431492,
              0.014164433814585209
            ],
            "target_prob": [
              0.9999790787696838,
              0.9999809265136719,
              0.9999809265136719,
              0.9999809265136719,
              0.9999828338623047,
              0.9999828338623047
            ],
            "target_rank": [
              1,
              1,
              1,
              1,
              1,
              1
            ],
            "num_topk_probs": [
              [
                0.9999793767929077,
                1.0129883776244242e-05,
                1.3709308177567436e-06,
                1.3709308177567436e-06,
                1.2098422530470998e-06,
                9.422260518476833e-07,
                8.315115564982989e-07,
                6.475818850049109e-07,
                4.450760400231957e-07,
                3.689810057494469e-07
              ],
              [
                0.9999814033508301,
                8.939609870139975e-06,
                1.209844640470692e-06,
                1.209844640470692e-06,
                1.209844640470692e-06,
                8.315132618008647e-07,
                7.33807894448546e-07,
                6.475831924035447e-07,
                4.1811111373135645e-07,
                3.256252796290937e-07
              ],
              [
                0.9999809265136719,
                8.939606232161168e-06,
                1.2098440720365033e-06,
                1.2098440720365033e-06,
                1.2098440720365033e-06,
                9.422275297765736e-07,
                8.315128638969327e-07,
                6.475829081864504e-07,
                4.1811091477939044e-07,
                3.466261375706381e-07
              ],
              [
                0.9999799728393555,
                1.0129890142707154e-05,
                1.2098429351681261e-06,
                1.2098429351681261e-06,
                1.2098429351681261e-06,
                9.422266202818719e-07,
                7.338068144235876e-07,
                6.475822829088429e-07,
                4.181105168754584e-07,
                3.4662582493183436e-07
              ],
              [
                0.9999829530715942,
                7.889189873822033e-06,
                1.2098465731469332e-06,
                1.2098465731469332e-06,
                1.067685843736399e-06,
                8.315145691994985e-07,
                7.338090313169232e-07,
                5.714910571441578e-07,
                3.6898234156979015e-07,
                3.058971174141334e-07
              ],
              [
                0.9999817609786987,
                8.939613508118782e-06,
                1.2098450952180428e-06,
                1.067684593181184e-06,
                1.067684593181184e-06,
                8.31513546017959e-07,
                7.338081786656403e-07,
                5.714903750231315e-07,
                3.9277918517655053e-07,
                3.2562539331593143e-07
              ]
            ],
            "step_status": [
              "baseline",
              "ok",
              "ok",
              "ok",
              "ok",
              "ok"
            ],
            "tracked_topk": {
              "ids": [
                1114,
                22,
                8546,
                17248,
                845,
                806,
                777,
                868,
                1032,
                717
              ],
              "tokens": [
                "17",
                "7",
                "117",
                "017",
                "16",
                "11",
                "19",
                "15",
                "13",
                "12"
              ],
              "probs": [
                [
                  0.9999793767929077,
                  1.0129883776244242e-05,
                  1.3709308177567436e-06,
                  1.3709308177567436e-06,
                  1.2098422530470998e-06,
                  9.422260518476833e-07,
                  8.315115564982989e-07,
                  6.475818850049109e-07,
                  4.450760400231957e-07,
                  3.689810057494469e-07
                ],
                [
                  0.9999814033508301,
                  8.939609870139975e-06,
                  1.209844640470692e-06,
                  1.209844640470692e-06,
                  1.209844640470692e-06,
                  8.315132618008647e-07,
                  7.33807894448546e-07,
                  6.475831924035447e-07,
                  4.1811111373135645e-07,
                  3.256252796290937e-07
                ],
                [
                  0.9999809265136719,
                  8.939606232161168e-06,
                  1.2098440720365033e-06,
                  1.2098440720365033e-06,
                  1.2098440720365033e-06,
                  9.422275297765736e-07,
                  8.315128638969327e-07,
                  6.475829081864504e-07,
                  4.1811091477939044e-07,
                  3.466261375706381e-07
                ],
                [
                  0.9999799728393555,
                  1.0129890142707154e-05,
                  1.2098429351681261e-06,
                  1.2098429351681261e-06,
                  1.2098429351681261e-06,
                  9.422266202818719e-07,
                  7.338068144235876e-07,
                  6.475822829088429e-07,
                  4.181105168754584e-07,
                  3.4662582493183436e-07
                ],
                [
                  0.9999829530715942,
                  7.889189873822033e-06,
                  1.2098465731469332e-06,
                  1.2098465731469332e-06,
                  1.067685843736399e-06,
                  8.315145691994985e-07,
                  7.338090313169232e-07,
                  5.714910571441578e-07,
                  3.6898234156979015e-07,
                  3.058971174141334e-07
                ],
                [
                  0.9999817609786987,
                  8.939613508118782e-06,
                  1.2098450952180428e-06,
                  1.067684593181184e-06,
                  1.067684593181184e-06,
                  8.31513546017959e-07,
                  7.338081786656403e-07,
                  5.714903750231315e-07,
                  3.9277918517655053e-07,
                  3.2562539331593143e-07
                ]
              ]
            },
            "num_topk_snapshots": [
              {
                "step": 0,
                "tokens": [
                  {
                    "token": "17",
                    "idx": 1114,
                    "prob": 0.9999793767929077
                  },
                  {
                    "token": "7",
                    "idx": 22,
                    "prob": 1.0129883776244242e-05
                  },
                  {
                    "token": "117",
                    "idx": 8546,
                    "prob": 1.3709308177567436e-06
                  },
                  {
                    "token": "017",
                    "idx": 17248,
                    "prob": 1.3709308177567436e-06
                  },
                  {
                    "token": "16",
                    "idx": 845,
                    "prob": 1.2098422530470998e-06
                  },
                  {
                    "token": "11",
                    "idx": 806,
                    "prob": 9.422260518476833e-07
                  },
                  {
                    "token": "19",
                    "idx": 777,
                    "prob": 8.315115564982989e-07
                  },
                  {
                    "token": "15",
                    "idx": 868,
                    "prob": 6.475818850049109e-07
                  },
                  {
                    "token": "13",
                    "idx": 1032,
                    "prob": 4.450760400231957e-07
                  },
                  {
                    "token": "12",
                    "idx": 717,
                    "prob": 3.689810057494469e-07
                  }
                ]
              },
              {
                "step": 1,
                "tokens": [
                  {
                    "token": "17",
                    "idx": 1114,
                    "prob": 0.9999814033508301
                  },
                  {
                    "token": "7",
                    "idx": 22,
                    "prob": 8.939609870139975e-06
                  },
                  {
                    "token": "16",
                    "idx": 845,
                    "prob": 1.209844640470692e-06
                  },
                  {
                    "token": "017",
                    "idx": 17248,
                    "prob": 1.209844640470692e-06
                  },
                  {
                    "token": "117",
                    "idx": 8546,
                    "prob": 1.209844640470692e-06
                  },
                  {
                    "token": "11",
                    "idx": 806,
                    "prob": 8.315132618008647e-07
                  },
                  {
                    "token": "19",
                    "idx": 777,
                    "prob": 7.33807894448546e-07
                  },
                  {
                    "token": "15",
                    "idx": 868,
                    "prob": 6.475831924035447e-07
                  },
                  {
                    "token": "13",
                    "idx": 1032,
                    "prob": 4.1811111373135645e-07
                  },
                  {
                    "token": "12",
                    "idx": 717,
                    "prob": 3.256252796290937e-07
                  }
                ]
              },
              {
                "step": 2,
                "tokens": [
                  {
                    "token": "17",
                    "idx": 1114,
                    "prob": 0.9999809265136719
                  },
                  {
                    "token": "7",
                    "idx": 22,
                    "prob": 8.939606232161168e-06
                  },
                  {
                    "token": "16",
                    "idx": 845,
                    "prob": 1.2098440720365033e-06
                  },
                  {
                    "token": "017",
                    "idx": 17248,
                    "prob": 1.2098440720365033e-06
                  },
                  {
                    "token": "117",
                    "idx": 8546,
                    "prob": 1.2098440720365033e-06
                  },
                  {
                    "token": "11",
                    "idx": 806,
                    "prob": 9.422275297765736e-07
                  },
                  {
                    "token": "19",
                    "idx": 777,
                    "prob": 8.315128638969327e-07
                  },
                  {
                    "token": "15",
                    "idx": 868,
                    "prob": 6.475829081864504e-07
                  },
                  {
                    "token": "13",
                    "idx": 1032,
                    "prob": 4.1811091477939044e-07
                  },
                  {
                    "token": "12",
                    "idx": 717,
                    "prob": 3.466261375706381e-07
                  }
                ]
              },
              {
                "step": 3,
                "tokens": [
                  {
                    "token": "17",
                    "idx": 1114,
                    "prob": 0.9999799728393555
                  },
                  {
                    "token": "7",
                    "idx": 22,
                    "prob": 1.0129890142707154e-05
                  },
                  {
                    "token": "16",
                    "idx": 845,
                    "prob": 1.2098429351681261e-06
                  },
                  {
                    "token": "017",
                    "idx": 17248,
                    "prob": 1.2098429351681261e-06
                  },
                  {
                    "token": "117",
                    "idx": 8546,
                    "prob": 1.2098429351681261e-06
                  },
                  {
                    "token": "11",
                    "idx": 806,
                    "prob": 9.422266202818719e-07
                  },
                  {
                    "token": "19",
                    "idx": 777,
                    "prob": 7.338068144235876e-07
                  },
                  {
                    "token": "15",
                    "idx": 868,
                    "prob": 6.475822829088429e-07
                  },
                  {
                    "token": "13",
                    "idx": 1032,
                    "prob": 4.181105168754584e-07
                  },
                  {
                    "token": "12",
                    "idx": 717,
                    "prob": 3.4662582493183436e-07
                  }
                ]
              },
              {
                "step": 4,
                "tokens": [
                  {
                    "token": "17",
                    "idx": 1114,
                    "prob": 0.9999829530715942
                  },
                  {
                    "token": "7",
                    "idx": 22,
                    "prob": 7.889189873822033e-06
                  },
                  {
                    "token": "117",
                    "idx": 8546,
                    "prob": 1.2098465731469332e-06
                  },
                  {
                    "token": "017",
                    "idx": 17248,
                    "prob": 1.2098465731469332e-06
                  },
                  {
                    "token": "16",
                    "idx": 845,
                    "prob": 1.067685843736399e-06
                  },
                  {
                    "token": "11",
                    "idx": 806,
                    "prob": 8.315145691994985e-07
                  },
                  {
                    "token": "19",
                    "idx": 777,
                    "prob": 7.338090313169232e-07
                  },
                  {
                    "token": "15",
                    "idx": 868,
                    "prob": 5.714910571441578e-07
                  },
                  {
                    "token": "13",
                    "idx": 1032,
                    "prob": 3.6898234156979015e-07
                  },
                  {
                    "token": "12",
                    "idx": 717,
                    "prob": 3.058971174141334e-07
                  }
                ]
              },
              {
                "step": 5,
                "tokens": [
                  {
                    "token": "17",
                    "idx": 1114,
                    "prob": 0.9999817609786987
                  },
                  {
                    "token": "7",
                    "idx": 22,
                    "prob": 8.939613508118782e-06
                  },
                  {
                    "token": "117",
                    "idx": 8546,
                    "prob": 1.2098450952180428e-06
                  },
                  {
                    "token": "017",
                    "idx": 17248,
                    "prob": 1.067684593181184e-06
                  },
                  {
                    "token": "16",
                    "idx": 845,
                    "prob": 1.067684593181184e-06
                  },
                  {
                    "token": "11",
                    "idx": 806,
                    "prob": 8.31513546017959e-07
                  },
                  {
                    "token": "19",
                    "idx": 777,
                    "prob": 7.338081786656403e-07
                  },
                  {
                    "token": "15",
                    "idx": 868,
                    "prob": 5.714903750231315e-07
                  },
                  {
                    "token": "13",
                    "idx": 1032,
                    "prob": 3.9277918517655053e-07
                  },
                  {
                    "token": "12",
                    "idx": 717,
                    "prob": 3.2562539331593143e-07
                  }
                ]
              }
            ]
          }
        }
      ]
    },
    {
      "id": "addition-50-1",
      "question": "What is the sum of 34 and 12?",
      "answer": "46",
      "eval_mode": "tf",
      "gold_token_ids": [
        2790
      ],
      "gold_tokens": [
        "46"
      ],
      "numeric_positions": [
        0
      ],
      "pred_before_answer": "46",
      "pred_after_answer": "46",
      "em_before": true,
      "em_after": true,
      "digit_acc_before": 1.0,
      "digit_acc_after": 1.0,
      "tokens": [
        {
          "position": 0,
          "answer_len": 1,
          "target_id": 2790,
          "target_token": "46",
          "pred_before_id": 2790,
          "pred_before": "46",
          "pred_after_id": 2790,
          "pred_after": "46",
          "correct_before": true,
          "correct_after": true,
          "rank_before": 1,
          "rank_after": 1,
          "prob_before": 0.9999313950538635,
          "prob_after": 0.9999580383300781,
          "metrics": {
            "ane": [
              0.014223513193428516,
              0.014212159439921379,
              0.014206000603735447,
              0.014197142794728279,
              0.014197343029081821,
              0.01419163215905428
            ],
            "target_prob": [
              0.9999313950538635,
              0.9999408721923828,
              0.9999465942382812,
              0.9999542832374573,
              0.9999542832374573,
              0.9999580383300781
            ],
            "target_rank": [
              1,
              1,
              1,
              1,
              1,
              1
            ],
            "num_topk_probs": [
              [
                0.9999315738677979,
                8.939164217736106e-06,
                7.888784239185043e-06,
                7.888784239185043e-06,
                4.784790235135006e-06,
                4.784790235135006e-06,
                3.726398290382349e-06,
                3.2885347991395975e-06,
                2.902122105297167e-06,
                2.56111343333032e-06
              ],
              [
                0.999941349029541,
                7.888861546234693e-06,
                6.961896360735409e-06,
                6.961896360735409e-06,
                4.784837074112147e-06,
                4.222603365633404e-06,
                2.902150299632922e-06,
                2.5611384444346186e-06,
                2.5611384444346186e-06,
                1.9946166958106915e-06
              ],
              [
                0.9999463558197021,
                7.888901564001571e-06,
                6.14388272879296e-06,
                6.14388272879296e-06,
                4.2226247387588955e-06,
                3.726453314811806e-06,
                2.561151404734119e-06,
                2.561151404734119e-06,
                2.2602082481171237e-06,
                1.994626700252411e-06
              ],
              [
                0.999954104423523,
                6.143930477264803e-06,
                5.421999503596453e-06,
                5.421999503596453e-06,
                3.7264821912685875e-06,
                3.288608922957792e-06,
                2.260225755890133e-06,
                2.260225755890133e-06,
                1.994642161662341e-06,
                1.55342900143296e-06
              ],
              [
                0.9999538660049438,
                6.14392911302275e-06,
                5.4219981393544e-06,
                5.4219981393544e-06,
                3.7264812817738857e-06,
                3.2886082408367656e-06,
                2.2602250737691065e-06,
                2.2602250737691065e-06,
                1.99464170691499e-06,
                1.760265149641782e-06
              ],
              [
                0.9999587535858154,
                6.143959126347909e-06,
                4.784920292877359e-06,
                4.784920292877359e-06,
                3.2886241569940466e-06,
                2.9022010039625457e-06,
                1.9946514839830343e-06,
                1.9946514839830343e-06,
                1.7602736761546112e-06,
                1.5534361637037364e-06
              ]
            ],
            "step_status": [
              "baseline",
              "ok",
              "ok",
              "ok",
              "ok",
              "ok"
            ],
            "tracked_topk": {
              "ids": [
                2790,
                2618,
                2166,
                10465,
                1272,
                1927,
                1774,
                4218,
                845,
                3487
              ],
              "tokens": [
                "46",
                "47",
                "48",
                "146",
                "40",
                "36",
                "45",
                "86",
                "16",
                "56"
              ],
              "probs": [
                [
                  0.9999315738677979,
                  8.939164217736106e-06,
                  7.888784239185043e-06,
                  7.888784239185043e-06,
                  4.784790235135006e-06,
                  4.784790235135006e-06,
                  3.726398290382349e-06,
                  3.2885347991395975e-06,
                  2.902122105297167e-06,
                  2.56111343333032e-06
                ],
                [
                  0.999941349029541,
                  7.888861546234693e-06,
                  6.961896360735409e-06,
                  6.961896360735409e-06,
                  4.222603365633404e-06,
                  4.784837074112147e-06,
                  2.902150299632922e-06,
                  2.5611384444346186e-06,
                  2.5611384444346186e-06,
                  1.9946166958106915e-06
                ],
                [
                  0.9999463558197021,
                  7.888901564001571e-06,
                  6.14388272879296e-06,
                  6.14388272879296e-06,
                  3.726453314811806e-06,
                  4.2226247387588955e-06,
                  2.561151404734119e-06,
                  2.561151404734119e-06,
                  2.2602082481171237e-06,
                  1.994626700252411e-06
                ],
                [
                  0.999954104423523,
                  6.143930477264803e-06,
                  5.421999503596453e-06,
                  5.421999503596453e-06,
                  3.288608922957792e-06,
                  3.7264821912685875e-06,
                  2.260225755890133e-06,
                  2.260225755890133e-06,
                  1.994642161662341e-06,
                  1.55342900143296e-06
                ],
                [
                  0.9999538660049438,
                  6.14392911302275e-06,
                  5.4219981393544e-06,
                  5.4219981393544e-06,
                  3.2886082408367656e-06,
                  3.7264812817738857e-06,
                  2.2602250737691065e-06,
                  2.2602250737691065e-06,
                  1.99464170691499e-06,
                  1.760265149641782e-06
                ],
                [
                  0.9999587535858154,
                  6.143959126347909e-06,
                  4.784920292877359e-06,
                  4.784920292877359e-06,
                  2.9022010039625457e-06,
                  3.2886241569940466e-06,
                  1.9946514839830343e-06,
                  1.9946514839830343e-06,
                  1.7602736761546112e-06,
                  1.5534361637037364e-06
                ]
              ]
            },
            "num_topk_snapshots": [
              {
                "step": 0,
                "tokens": [
                  {
                    "token": "46",
                    "idx": 2790,
                    "prob": 0.9999315738677979
                  },
                  {
                    "token": "47",
                    "idx": 2618,
                    "prob": 8.939164217736106e-06
                  },
                  {
                    "token": "48",
                    "idx": 2166,
                    "prob": 7.888784239185043e-06
                  },
                  {
                    "token": "146",
                    "idx": 10465,
                    "prob": 7.888784239185043e-06
                  },
                  {
                    "token": "40",
                    "idx": 1272,
                    "prob": 4.784790235135006e-06
                  },
                  {
                    "token": "36",
                    "idx": 1927,
                    "prob": 4.784790235135006e-06
                  },
                  {
                    "token": "45",
                    "idx": 1774,
                    "prob": 3.726398290382349e-06
                  },
                  {
                    "token": "86",
                    "idx": 4218,
                    "prob": 3.2885347991395975e-06
                  },
                  {
                    "token": "16",
                    "idx": 845,
                    "prob": 2.902122105297167e-06
                  },
                  {
                    "token": "56",
                    "idx": 3487,
                    "prob": 2.56111343333032e-06
                  }
                ]
              },
              {
                "step": 1,
                "tokens": [
                  {
                    "token": "46",
                    "idx": 2790,
                    "prob": 0.999941349029541
                  },
                  {
                    "token": "47",
                    "idx": 2618,
                    "prob": 7.888861546234693e-06
                  },
                  {
                    "token": "48",
                    "idx": 2166,
                    "prob": 6.961896360735409e-06
                  },
                  {
                    "token": "146",
                    "idx": 10465,
                    "prob": 6.961896360735409e-06
                  },
                  {
                    "token": "36",
                    "idx": 1927,
                    "prob": 4.784837074112147e-06
                  },
                  {
                    "token": "40",
                    "idx": 1272,
                    "prob": 4.222603365633404e-06
                  },
                  {
                    "token": "45",
                    "idx": 1774,
                    "prob": 2.902150299632922e-06
                  },
                  {
                    "token": "16",
                    "idx": 845,
                    "prob": 2.5611384444346186e-06
                  },
                  {
                    "token": "86",
                    "idx": 4218,
                    "prob": 2.5611384444346186e-06
                  },
                  {
                    "token": "56",
                    "idx": 3487,
                    "prob": 1.9946166958106915e-06
                  }
                ]
              },
              {
                "step": 2,
                "tokens": [
                  {
                    "token": "46",
                    "idx": 2790,
                    "prob": 0.9999463558197021
                  },
                  {
                    "token": "47",
                    "idx": 2618,
                    "prob": 7.888901564001571e-06
                  },
                  {
                    "token": "48",
                    "idx": 2166,
                    "prob": 6.14388272879296e-06
                  },
                  {
                    "token": "146",
                    "idx": 10465,
                    "prob": 6.14388272879296e-06
                  },
                  {
                    "token": "36",
                    "idx": 1927,
                    "prob": 4.2226247387588955e-06
                  },
                  {
                    "token": "40",
                    "idx": 1272,
                    "prob": 3.726453314811806e-06
                  },
                  {
                    "token": "86",
                    "idx": 4218,
                    "prob": 2.561151404734119e-06
                  },
                  {
                    "token": "45",
                    "idx": 1774,
                    "prob": 2.561151404734119e-06
                  },
                  {
                    "token": "16",
                    "idx": 845,
                    "prob": 2.2602082481171237e-06
                  },
                  {
                    "token": "56",
                    "idx": 3487,
                    "prob": 1.994626700252411e-06
                  }
                ]
              },
              {
                "step": 3,
                "tokens": [
                  {
                    "token": "46",
                    "idx": 2790,
                    "prob": 0.999954104423523
                  },
                  {
                    "token": "47",
                    "idx": 2618,
                    "prob": 6.143930477264803e-06
                  },
                  {
                    "token": "48",
                    "idx": 2166,
                    "prob": 5.421999503596453e-06
                  },
                  {
                    "token": "146",
                    "idx": 10465,
                    "prob": 5.421999503596453e-06
                  },
                  {
                    "token": "36",
                    "idx": 1927,
                    "prob": 3.7264821912685875e-06
                  },
                  {
                    "token": "40",
                    "idx": 1272,
                    "prob": 3.288608922957792e-06
                  },
                  {
                    "token": "86",
                    "idx": 4218,
                    "prob": 2.260225755890133e-06
                  },
                  {
                    "token": "45",
                    "idx": 1774,
                    "prob": 2.260225755890133e-06
                  },
                  {
                    "token": "16",
                    "idx": 845,
                    "prob": 1.994642161662341e-06
                  },
                  {
                    "token": "56",
                    "idx": 3487,
                    "prob": 1.55342900143296e-06
                  }
                ]
              },
              {
                "step": 4,
                "tokens": [
                  {
                    "token": "46",
                    "idx": 2790,
                    "prob": 0.9999538660049438
                  },
                  {
                    "token": "47",
                    "idx": 2618,
                    "prob": 6.14392911302275e-06
                  },
                  {
                    "token": "48",
                    "idx": 2166,
                    "prob": 5.4219981393544e-06
                  },
                  {
                    "token": "146",
                    "idx": 10465,
                    "prob": 5.4219981393544e-06
                  },
                  {
                    "token": "36",
                    "idx": 1927,
                    "prob": 3.7264812817738857e-06
                  },
                  {
                    "token": "40",
                    "idx": 1272,
                    "prob": 3.2886082408367656e-06
                  },
                  {
                    "token": "86",
                    "idx": 4218,
                    "prob": 2.2602250737691065e-06
                  },
                  {
                    "token": "45",
                    "idx": 1774,
                    "prob": 2.2602250737691065e-06
                  },
                  {
                    "token": "16",
                    "idx": 845,
                    "prob": 1.99464170691499e-06
                  },
                  {
                    "token": "56",
                    "idx": 3487,
                    "prob": 1.760265149641782e-06
                  }
                ]
              },
              {
                "step": 5,
                "tokens": [
                  {
                    "token": "46",
                    "idx": 2790,
                    "prob": 0.9999587535858154
                  },
                  {
                    "token": "47",
                    "idx": 2618,
                    "prob": 6.143959126347909e-06
                  },
                  {
                    "token": "48",
                    "idx": 2166,
                    "prob": 4.784920292877359e-06
                  },
                  {
                    "token": "146",
                    "idx": 10465,
                    "prob": 4.784920292877359e-06
                  },
                  {
                    "token": "36",
                    "idx": 1927,
                    "prob": 3.2886241569940466e-06
                  },
                  {
                    "token": "40",
                    "idx": 1272,
                    "prob": 2.9022010039625457e-06
                  },
                  {
                    "token": "86",
                    "idx": 4218,
                    "prob": 1.9946514839830343e-06
                  },
                  {
                    "token": "45",
                    "idx": 1774,
                    "prob": 1.9946514839830343e-06
                  },
                  {
                    "token": "16",
                    "idx": 845,
                    "prob": 1.7602736761546112e-06
                  },
                  {
                    "token": "56",
                    "idx": 3487,
                    "prob": 1.5534361637037364e-06
                  }
                ]
              }
            ]
          }
        }
      ]
    },
    {
      "id": "addition-50-2",
      "question": "What is the sum of 599 and 843?",
      "answer": "1442",
      "eval_mode": "tf",
      "gold_token_ids": [
        8929,
        17
      ],
      "gold_tokens": [
        "144",
        "2"
      ],
      "numeric_positions": [
        0,
        1
      ],
      "pred_before_answer": "1442",
      "pred_after_answer": "1442",
      "em_before": true,
      "em_after": true,
      "digit_acc_before": 1.0,
      "digit_acc_after": 1.0,
      "tokens": [
        {
          "position": 0,
          "answer_len": 2,
          "target_id": 8929,
          "target_token": "144",
          "pred_before_id": 8929,
          "pred_before": "144",
          "pred_after_id": 8929,
          "pred_after": "144",
          "correct_before": true,
          "correct_after": true,
          "rank_before": 1,
          "rank_after": 1,
          "prob_before": 0.9970118403434753,
          "prob_after": 0.9998226165771484,
          "metrics": {
            "ane": [
              0.01787484623491764,
              0.014866900630295277,
              0.014516254886984825,
              0.014429192058742046,
              0.014428293332457542,
              0.014362880028784275
            ],
            "target_prob": [
              0.9970118403434753,
              0.9994184374809265,
              0.9996987581253052,
              0.9997711777687073,
              0.9997711777687073,
              0.9998226165771484
            ],
            "target_rank": [
              1,
              1,
              1,
              1,
              1,
              1
            ],
            "num_topk_probs": [
              [
                0.9970111846923828,
                0.0014081292320042849,
                0.0002772770822048187,
                0.0002604776818770915,
                0.0002446961880195886,
                0.00013097641931381077,
                0.00012304095434956253,
                8.45647300593555e-05,
                7.010662375250831e-05,
                5.812043309560977e-05
              ],
              [
                0.999417781829834,
                0.00017945565923582762,
                9.605569357518107e-05,
                4.5373497414402664e-05,
                3.53369141521398e-05,
                3.118471795460209e-05,
                3.118471795460209e-05,
                2.9295330023160204e-05,
                2.5853039915091358e-05,
                2.2815227566752583e-05
              ],
              [
                0.999699592590332,
                7.029566768324003e-05,
                6.203570228535682e-05,
                2.282165951328352e-05,
                2.143896563211456e-05,
                2.0140045307925902e-05,
                1.891981992230285e-05,
                1.56850837811362e-05,
                1.4734770047653e-05,
                1.0127049790753517e-05
              ],
              [
                0.9997705817222595,
